5401.6	0.	0.
5402.154	0.	0.
5402.708	0.	0.
5403.262	0.	0.
5403.816	0.	0.
5404.37	0.	0.
5404.924	0.	0.
5405.478	0.	0.
5406.032	0.	0.
5406.586	0.	0.
5407.14	0.	0.
5407.694	0.	0.
5408.248	0.	0.
5408.802	0.	0.
5409.356	0.	0.
5409.91	0.	0.
5410.464	0.	0.
5411.018	0.	0.
5411.572	0.	0.
5412.126	0.	0.
5412.68	0.	0.
5413.234	0.	0.
5413.788	0.	0.
5414.342	0.	0.
5414.896	0.	0.
5415.45	0.	0.
5416.004	0.	0.
5416.558	0.	0.
5417.112	0.	0.
5417.666	0.	0.
5418.22	0.	0.
5418.774	0.	0.
5419.328	0.	0.
5419.882	0.	0.
5420.436	0.	0.
5420.99	0.	0.
5421.544	0.	0.
5422.098	0.	0.
5422.652	0.	0.
5423.206	0.	0.
5423.76	0.	0.
5424.314	0.	0.
5424.868	0.	0.
5425.422	0.	0.
5425.976	0.	0.
5426.53	0.	0.
5427.084	0.	0.
5427.638	0.	0.
5428.192	0.	0.
5428.746	0.	0.
5429.3	0.	0.
5429.854	0.	0.
5430.408	0.	0.
5430.962	0.	0.
5431.516	0.	0.
5432.07	0.	0.
5432.624	0.	0.
5433.178	0.	0.
5433.732	0.	0.
5434.286	0.	0.
5434.84	0.	0.
5435.394	0.	0.
5435.948	0.	0.
5436.502	0.	0.
5437.056	0.	0.
5437.61	0.	0.
5438.164	0.	0.
5438.718	0.	0.
5439.272	0.	0.
5439.826	0.	0.
5440.38	0.	0.
5440.934	0.	0.
5441.488	0.	0.
5442.042	0.	0.
5442.596	0.	0.
5443.15	0.	0.
5443.704	0.	0.
5444.258	0.	0.
5444.812	0.	0.
5445.366	0.	0.
5445.92	0.	0.
5446.474	0.	0.
5447.028	0.	0.
5447.582	0.	0.
5448.136	0.	0.
5448.69	6.48586e-17	3.419991753e-16
5449.244	2.1413324099999996e-15	3.99788248e-16
5449.798	1.7230253100000006e-15	3.18540454e-16
5450.352	1.70507507e-15	3.1562864199999995e-16
5450.906	1.74716939e-15	4.07686806e-16
5451.46	1.7473417900000004e-15	3.8593223500000003e-16
5452.014	1.69290801e-15	2.8667293800000005e-16
5452.568	1.633894504e-15	2.7813033699999997e-16
5453.122	1.6661200400000001e-15	2.88808948e-16
5453.676	1.7425559599999998e-15	3.01296978e-16
5454.23	1.6865798090000004e-15	2.80614742e-16
5454.784	1.67380781e-15	2.84019982e-16
5455.338	1.7565525400000002e-15	3.0779539700000007e-16
5455.892	1.7360001800000002e-15	2.9289843200000006e-16
5456.446	1.6700976599999997e-15	2.7904463599999997e-16
5457.	1.62158805e-15	2.8962588200000003e-16
5457.554	1.6910390950000001e-15	3.3697564900000003e-16
5458.108	1.76025293e-15	3.35258495e-16
5458.662	1.6944929000000003e-15	2.9525732000000003e-16
5459.216	1.6626666690000003e-15	3.0898630199999993e-16
5459.77	1.66492214e-15	3.70834021e-16
5460.324	1.68333051561e-15	3.75937185e-16
5460.878	1.747596809e-15	3.194041690000001e-16
5461.432	1.7638113159999998e-15	3.21845801e-16
5461.986	1.7225748300000002e-15	4.536767480000001e-16
5462.54	1.6930263099999997e-15	5.721461770000002e-16
5463.094	1.76948417e-15	4.185337930000001e-16
5463.648	1.838672635e-15	4.31562284e-16
5464.202	1.9448330500000003e-15	4.21003809e-16
5464.756	1.71888511e-15	3.4618216899999997e-16
5465.31	1.69788456e-15	3.06221976e-16
5465.864	1.7536237970000002e-15	4.558148909999999e-16
5466.418	1.928959526e-15	4.87106107e-16
5466.972	1.68769361e-15	2.82997833e-16
5467.526	1.692172195e-15	2.9401862e-16
5468.08	1.7551816700000001e-15	3.4182578600000006e-16
5468.634	1.6380164589999999e-15	2.7898758600000003e-16
5469.188	1.6254700020000002e-15	2.85512599e-16
5469.742	1.6341355e-15	2.81811055e-16
5470.296	1.68008526e-15	2.8474242199999997e-16
5470.85	1.6906026070000003e-15	3.433133029999999e-16
5471.404	1.6472867499999998e-15	3.98306716e-16
5471.958	1.7023099e-15	2.850072830000001e-16
5472.512	1.7250513399999999e-15	3.49272543e-16
5473.066	1.6738753209999999e-15	3.55310759e-16
5473.62	1.715223991e-15	2.99759904e-16
5474.174	1.6552378999999998e-15	3.8079661899999994e-16
5474.728	1.82833477e-15	3.92644569e-16
5475.282	1.6930607930000004e-15	3.1748567099999997e-16
5475.836	1.7765086100000004e-15	3.297068660000001e-16
5476.39	2.10726258e-15	6.46519079e-16
5476.944	1.89291053e-15	7.655616689999999e-16
5477.498	1.696331172e-15	2.7642963799999996e-16
5478.052	1.74529029e-15	3.2121005e-16
5478.606	1.8744742090000004e-15	3.5947702499999997e-16
5479.16	1.7394088880000002e-15	3.4471657399999996e-16
5479.714	1.6382439499999999e-15	3.12956701e-16
5480.268	1.5278896900000003e-15	3.8514511599999997e-16
5480.822	1.606801771e-15	2.79046552e-16
5481.376	1.6343902e-15	2.7373781399999997e-16
5481.93	1.69894412e-15	3.8270460400000003e-16
5482.484	1.77234931e-15	4.799607550000001e-16
5483.038	1.72198801e-15	2.9416423699999995e-16
5483.592	1.5437583679999997e-15	2.45128468e-16
5484.146	1.5306122e-15	3.2738928999999996e-16
5484.7	1.6627862e-15	3.9156780900000005e-16
5485.254	1.546593963e-15	2.5175489299999997e-16
5485.808	1.61324757e-15	2.6203473999999997e-16
5486.362	1.5640224e-15	2.8200279e-16
5486.916	1.6481059799999998e-15	2.7087508400000005e-16
5487.47	1.6571813200000004e-15	3.127721089999999e-16
5488.024	1.6347211722e-15	2.73992555e-16
5488.578	1.70232507e-15	2.9142978500000007e-16
5489.132	1.7596453900000001e-15	3.84440271e-16
5489.686	1.81926522e-15	3.8875388499999995e-16
5490.24	1.726554182e-15	2.7439258799999995e-16
5490.794	1.7758019449999998e-15	2.9966196900000004e-16
5491.348	1.6654464099999997e-15	3.08565698e-16
5491.902	1.68899129e-15	3.8247748399999994e-16
5492.456	1.6513969094e-15	4.997676070000001e-16
5493.01	1.6980378899999999e-15	2.82308624e-16
5493.564	1.725446651e-15	2.79737707e-16
5494.118	1.689211593e-15	3.2747017300000005e-16
5494.672	1.775427095e-15	4.2579141700000004e-16
5495.226	1.7777297699999994e-15	3.4558457499999995e-16
5495.78	1.7461906600000002e-15	2.87782484e-16
5496.334	1.6884169699999999e-15	2.66493355e-16
5496.888	1.70871224e-15	2.7416280000000004e-16
5497.442	1.732211476e-15	2.9521965699999995e-16
5497.996	1.7740378989999998e-15	2.61223707e-16
5498.55	1.7590102580000003e-15	2.5539766099999997e-16
5499.104	1.64156404e-15	2.53619261e-16
5499.658	1.7513203138000001e-15	2.60284748e-16
5500.212	1.4213024900000002e-15	3.1420670199999997e-16
5500.766	1.6428026229999999e-15	4.5673547099999995e-16
5501.32	1.6610675940000003e-15	2.63615128e-16
5501.874	1.7470035400000001e-15	2.48152898e-16
5502.428	1.7815661899999998e-15	2.65090947e-16
5502.982	1.6509675190000002e-15	2.66294608e-16
5503.536	1.6736338900000002e-15	3.1955405599999997e-16
5504.09	1.6662152760000003e-15	3.02000753e-16
5504.644	1.88098885e-15	3.08707063e-16
5505.198	1.5849806499999999e-15	2.54753437e-16
5505.752	1.7333754399999998e-15	2.53721311e-16
5506.306	1.5936295999999999e-15	2.5363261e-16
5506.86	1.6991859299999999e-15	2.7160004100000003e-16
5507.414	1.6836571450000001e-15	2.52662291e-16
5507.968	1.734817195e-15	2.56407423e-16
5508.522	1.6890521047999998e-15	2.8399525500000005e-16
5509.076	1.8176417799999998e-15	3.61475088e-16
5509.63	1.60157769e-15	2.5162421300000002e-16
5510.184	1.6249351980000002e-15	2.6123445300000005e-16
5510.738	1.6842632140000004e-15	2.58322386e-16
5511.292	1.6613688319999997e-15	2.49290978e-16
5511.846	1.5724992743999998e-15	2.4288537000000003e-16
5512.4	1.5818271590000001e-15	2.39403569e-16
5512.954	1.7095604739999997e-15	2.70501001e-16
5513.508	1.759764949e-15	3.0366624599999997e-16
5514.062	1.7153998099999999e-15	2.871390170000001e-16
5514.616	1.6761967420000001e-15	2.84541817e-16
5515.17	1.8022164999999998e-15	2.60675443e-16
5515.724	1.6490432760000002e-15	2.7722679400000004e-16
5516.278	1.6864780900000003e-15	2.85447373e-16
5516.832	1.8877227e-15	2.9360486499999994e-16
5517.386	1.7178885380000002e-15	2.7530417299999996e-16
5517.94	1.7106070459999999e-15	2.7633680100000007e-16
5518.494	1.6249314100000001e-15	3.0062479900000005e-16
5519.048	1.7666589449999998e-15	3.1515161000000006e-16
5519.602	1.643777835e-15	2.47196335e-16
5520.156	1.5778427299999997e-15	3.82990548e-16
5520.71	1.7898100780000003e-15	3.8073460799999995e-16
5521.264	1.799529771e-15	2.8050846500000003e-16
5521.818	1.7454548489999998e-15	2.64100045e-16
5522.372	1.7816612700000004e-15	4.1173745299999994e-16
5522.926	1.718145113e-15	2.55552332e-16
5523.48	1.7022845719999997e-15	2.518219619999999e-16
5524.034	1.7762204400000002e-15	3.4391559699999997e-16
5524.588	1.5928311959999996e-15	2.4798213400000003e-16
5525.142	1.61053717e-15	2.4234316399999996e-16
5525.696	1.75990204e-15	2.7527457e-16
5526.25	1.72966695e-15	2.5875667400000002e-16
5526.804	1.8354798899999996e-15	2.84871417e-16
5527.358	1.6977528179999999e-15	2.3348941000000003e-16
5527.912	1.7069087669999996e-15	2.55828479e-16
5528.466	1.9327182390000004e-15	3.22040556e-16
5529.02	1.74347717e-15	2.67742124e-16
5529.574	1.71832058e-15	2.8269153199999998e-16
5530.128	1.7097052289999997e-15	4.52864396e-16
5530.682	1.64448749e-15	2.8826528e-16
5531.236	1.9152758799999998e-15	5.87896875e-16
5531.79	1.798941678e-15	2.66270895e-16
5532.344	1.8464518160000002e-15	2.6059387700000004e-16
5532.898	1.7133824900000002e-15	2.47079619e-16
5533.452	1.6706920500000004e-15	2.3940015299999994e-16
5534.006	1.8484661849999997e-15	3.2283836699999997e-16
5534.56	1.8776209309999993e-15	2.5335912200000004e-16
5535.114	1.84738909e-15	2.76017696e-16
5535.668	1.7219248300000001e-15	2.62848441e-16
5536.222	1.868925242e-15	2.47362704e-16
5536.776	1.876531142e-15	2.48675355e-16
5537.33	1.9049225499999997e-15	2.5579921800000004e-16
5537.884	1.89212663e-15	2.52431792e-16
5538.438	1.83434311e-15	2.44922058e-16
5538.992	1.8313151370000003e-15	3.19844958e-16
5539.546	1.73339474e-15	2.8251306700000006e-16
5540.1	1.8642761399999995e-15	2.9048114099999995e-16
5540.654	1.7521453299999997e-15	2.4720439400000003e-16
5541.208	1.7397626989999995e-15	3.29252652e-16
5541.762	1.9128431100000004e-15	2.90041872e-16
5542.316	1.95347637e-15	2.84879234e-16
5542.87	1.8830809349999997e-15	2.5288455599999997e-16
5543.424	1.8245499200000004e-15	2.68476326e-16
5543.978	1.9362112499999997e-15	2.9741767500000003e-16
5544.532	1.7525758379999999e-15	2.5009853100000005e-16
5545.086	1.8059220729999998e-15	2.61952466e-16
5545.64	1.8857013000000004e-15	2.43992841e-16
5546.194	1.9794741299999995e-15	3.81198997e-16
5546.748	1.83143342e-15	2.6258973e-16
5547.302	1.9164645799999996e-15	2.4299714e-16
5547.856	1.7748364400000001e-15	2.47692988e-16
5548.41	1.8784772e-15	2.8190243799999997e-16
5548.964	2.020964909e-15	3.3463412100000004e-16
5549.518	1.7633947460000003e-15	2.56178355e-16
5550.072	1.924687618e-15	2.47496197e-16
5550.626	1.98315388e-15	2.7586095899999997e-16
5551.18	1.9404695700000002e-15	2.71166299e-16
5551.734	1.92849172e-15	2.4275746000000004e-16
5552.288	1.859310185e-15	2.4217353400000003e-16
5552.842	1.9369234899999993e-15	2.54476387e-16
5553.396	2.0077076e-15	2.65974747e-16
5553.95	2.0761492700000005e-15	2.93170353e-16
5554.504	1.9187076100000004e-15	2.60333031e-16
5555.058	2.0063692300000004e-15	2.77328387e-16
5555.612	1.94964476e-15	2.90571425e-16
5556.166	1.989581488e-15	2.59866253e-16
5556.72	2.135738760000001e-15	2.5003822599999996e-16
5557.274	2.022969046e-15	3.48715509e-16
5557.828	1.96681193e-15	2.74475742e-16
5558.382	2.0508968e-15	2.4221087599999996e-16
5558.936	2.0476542999999997e-15	2.49452639e-16
5559.49	2.05391317e-15	2.7655400800000005e-16
5560.044	2.0001677200000003e-15	2.48800953e-16
5560.598	2.0133666099999996e-15	2.55918986e-16
5561.152	2.2578105099999994e-15	3.1438254400000006e-16
5561.706	2.1158877799999998e-15	2.9467926199999996e-16
5562.26	2.07283752e-15	2.64371465e-16
5562.814	2.2188113699999992e-15	3.3104834199999997e-16
5563.368	2.1561875399999997e-15	2.88189812e-16
5563.922	2.0130187469999998e-15	2.4936078400000006e-16
5564.476	2.0320860899999998e-15	2.47187178e-16
5565.03	2.1513618700000004e-15	2.8140025299999996e-16
5565.584	2.1087269900000004e-15	2.5315417699999996e-16
5566.138	2.1179811610000003e-15	2.5334717600000005e-16
5566.692	2.1449418064000003e-15	3.68852151e-16
5567.246	2.1464430099999997e-15	3.2091768199999996e-16
5567.8	2.03709082e-15	3.6013296299999997e-16
5568.354	2.1842350640000003e-15	3.2467069199999997e-16
5568.908	2.322842443e-15	2.6342454900000005e-16
5569.462	2.2946247459999997e-15	2.5333861300000005e-16
5570.016	2.197517396e-15	2.4463568100000003e-16
5570.57	2.2860135390000005e-15	2.4674583000000003e-16
5571.124	2.36777004e-15	2.4192175499999997e-16
5571.678	2.4567716560000003e-15	2.9155828100000003e-16
5572.232	2.395771647e-15	2.6493085899999997e-16
5572.786	2.28552009e-15	2.38095627e-16
5573.34	2.37407031e-15	2.42653177e-16
5573.894	2.451340733e-15	2.90407894e-16
5574.448	2.38668728e-15	2.83612769e-16
5575.002	2.42688984e-15	2.4662743500000004e-16
5575.556	2.432335573e-15	2.36233988e-16
5576.11	2.565046646e-15	2.50484655e-16
5576.664	2.5671527800000002e-15	3.2059580899999997e-16
5577.218	2.5210616599999997e-15	2.9246318899999997e-16
5577.772	2.5113501899999996e-15	2.63902564e-16
5578.326	2.46889251e-15	2.7823417e-16
5578.88	2.5995096700000004e-15	3.55683303e-16
5579.434	2.5679062999999994e-15	3.2716425599999997e-16
5579.988	2.6153228600000003e-15	2.69766654e-16
5580.542	2.6820748599999997e-15	2.5887127699999996e-16
5581.096	2.5211402349999997e-15	2.5392946e-16
5581.65	2.5409083029999998e-15	2.5339245400000004e-16
5582.204	2.592770336e-15	2.60293568e-16
5582.758	2.5611909799999995e-15	2.56934427e-16
5583.312	2.7060863399999996e-15	2.95559605e-16
5583.866	2.733111949e-15	2.8976113500000004e-16
5584.42	2.7011736300000002e-15	2.60855676e-16
5584.974	2.7055760299999992e-15	2.468391079999999e-16
5585.528	2.7097806200000007e-15	2.5424021e-16
5586.082	2.7555708679999995e-15	2.74546589e-16
5586.636	2.6967734600000004e-15	2.60556302e-16
5587.19	2.776027986e-15	2.4790616499999997e-16
5587.744	2.81689226e-15	2.4727372589999996e-16
5588.298	2.7591088260999997e-15	2.58438346e-16
5588.852	2.80754751e-15	2.96446639e-16
5589.406	2.933861531e-15	2.86768586e-16
5589.96	2.9402190500000004e-15	2.9172466799999994e-16
5590.514	2.846010822999999e-15	3.0137583099999996e-16
5591.068	2.858558563e-15	3.06315493e-16
5591.622	2.8428980779999994e-15	2.96505934e-16
5592.176	2.765094528e-15	2.5759157999999997e-16
5592.73	2.783343858e-15	3.0091641329999994e-16
5593.284	2.800818534e-15	3.16280536e-16
5593.838	2.8153126699999995e-15	2.63575111e-16
5594.392	2.8260708909999996e-15	2.676990499999999e-16
5594.946	2.7566986299999995e-15	2.57727843e-16
5595.5	2.7893681299999994e-15	2.6853961599999996e-16
5596.054	2.7609254899999997e-15	2.65706865e-16
5596.608	2.790629763e-15	2.6654371410000004e-16
5597.162	2.8445038010000004e-15	2.8648763399999996e-16
5597.716	2.8649275029999996e-15	2.8631387699999994e-16
5598.27	2.8902374500000003e-15	2.7461314199999996e-16
5598.824	2.90079064e-15	2.5399833e-16
5599.378	2.9424292649999997e-15	3.0557995e-16
5599.932	2.9797945700000002e-15	3.10685087e-16
5600.486	2.978204219e-15	3.4227864899999994e-16
5601.04	3.0165203200000003e-15	3.52666406e-16
5601.594	2.9600464100000003e-15	2.6000520500000003e-16
5602.148	3.00333978e-15	2.57555485e-16
5602.702	2.92815743e-15	2.6902582100000004e-16
5603.256	2.98458167e-15	2.64291113e-16
5603.81	2.9284985910000003e-15	2.70747372e-16
5604.364	3.0615512589999997e-15	2.7040788320000004e-16
5604.918	3.0614407170000008e-15	3.5114225600000003e-16
5605.472	3.0371370199999996e-15	3.7459977599999997e-16
5606.026	3.03075873e-15	2.6643538399999997e-16
5606.58	3.0094667e-15	2.90797687e-16
5607.134	3.111452602e-15	2.877501112e-16
5607.688	3.0448997208000003e-15	2.564638909e-16
5608.242	2.9848734500000005e-15	2.4868693390000004e-16
5608.796	3.084386428e-15	2.477386884e-16
5609.35	3.2103910799999995e-15	2.622429928e-16
5609.904	3.0138298760000006e-15	3.041427429999999e-16
5610.458	3.1788629400000008e-15	3.07552105e-16
5611.012	3.3291152600000004e-15	2.8446823e-16
5611.566	3.21583535e-15	2.9033615400000003e-16
5612.12	3.1198407179999995e-15	2.62246125e-16
5612.674	3.24898503e-15	2.59497627e-16
5613.228	3.270884759e-15	2.7408590699999997e-16
5613.782	3.2762256600000004e-15	2.4999859000000003e-16
5614.336	3.2863350799999994e-15	2.5126341700000003e-16
5614.89	3.2528274399999997e-15	2.6929494000000003e-16
5615.444	3.31387395e-15	2.79602661e-16
5615.998	3.1919419299999996e-15	2.8625225600000002e-16
5616.552	3.275893069e-15	3.152496389999999e-16
5617.106	3.0917244800000005e-15	2.6117365200000003e-16
5617.66	2.9120428644999996e-15	2.6958675e-16
5618.214	2.8251511799999996e-15	2.74829421e-16
5618.768	2.879305243e-15	2.59934251e-16
5619.322	2.7201690469999998e-15	2.5695616129999997e-16
5619.876	2.782825607e-15	3.6730648300000005e-16
5620.43	3.072956481e-15	4.787946889999999e-16
5620.984	3.0150729792999997e-15	3.48445768e-16
5621.538	2.8880629699999997e-15	2.477984881e-16
5622.092	2.9111524399999995e-15	2.5915594199999994e-16
5622.646	2.9128212200000004e-15	2.48461791e-16
5623.2	2.7677108699999996e-15	2.43424942e-16
5623.754	2.912865630000001e-15	2.5445521000000007e-16
5624.308	2.8192361600000003e-15	2.5238874300000003e-16
5624.862	2.740436106e-15	2.38177237e-16
5625.416	2.8073085299999997e-15	2.3610479070000007e-16
5625.97	2.80566902e-15	2.4567902049999997e-16
5626.524	2.7020097499999996e-15	2.5494617369999995e-16
5627.078	2.755196069e-15	2.539117003e-16
5627.632	2.766620952e-15	3.0205769130000007e-16
5628.186	2.7008196679999998e-15	2.4993665370000006e-16
5628.74	2.7355901200000003e-15	3.06766713e-16
5629.294	2.7761885345000008e-15	3.0466486999999997e-16
5629.848	2.8085831299999994e-15	3.03206438e-16
5630.402	2.8461340610000003e-15	2.5690061799999994e-16
5630.956	2.6596432150000006e-15	2.5865338799999996e-16
5631.51	2.8248529900000004e-15	2.92965869e-16
5632.064	2.54834867e-15	2.6536097499999996e-16
5632.618	2.67773286e-15	2.56504736e-16
5633.172	2.6633529499999996e-15	2.3864212000000003e-16
5633.726	2.8412278890000003e-15	2.37361674e-16
5634.28	2.683057021e-15	2.3185444920000003e-16
5634.834	2.6290965300000003e-15	2.48493162e-16
5635.388	2.5976121e-15	2.54053338e-16
5635.942	2.529426310000001e-15	2.431683779e-16
5636.496	2.6763549208000005e-15	2.52642167e-16
5637.05	2.5645212900000007e-15	2.52150944e-16
5637.604	2.6644243400000004e-15	2.5887406799999997e-16
5638.158	2.697726609e-15	2.7763589099999993e-16
5638.712	2.60586577e-15	2.77736463e-16
5639.266	2.6148240300000002e-15	2.4289371200000005e-16
5639.82	2.59578836e-15	2.5789172759999997e-16
5640.374	2.6256892799999996e-15	2.5077116e-16
5640.928	2.596258571e-15	2.4991536499999997e-16
5641.482	2.609529360000001e-15	2.5545868e-16
5642.036	2.6342090409e-15	3.172543710000001e-16
5642.59	2.5125453369999993e-15	3.484798356e-16
5643.144	2.5024813000000005e-15	2.342340682e-16
5643.698	2.5909272269999996e-15	2.8487401250000005e-16
5644.252	2.751732732e-15	3.4042257500000005e-16
5644.806	2.5831208299999995e-15	3.2073194e-16
5645.36	2.5709164000000002e-15	2.486910713e-16
5645.914	2.39270723e-15	2.2247772599999995e-16
5646.468	2.3608602000000002e-15	2.344509532e-16
5647.022	2.4187029961999997e-15	2.7460346299999994e-16
5647.576	2.4821960210000002e-15	2.5375248299999994e-16
5648.13	2.511478185e-15	2.279868141e-16
5648.684	2.4187368519999996e-15	2.589128767e-16
5649.238	2.4642344899999998e-15	2.583015375e-16
5649.792	2.639118836e-15	3.1500062299999994e-16
5650.346	2.466693449e-15	2.8281542330000003e-16
5650.9	2.3342141199999994e-15	2.346412382e-16
5651.454	2.45248629e-15	2.442899368e-16
5652.008	2.4714183899999993e-15	2.38911425e-16
5652.562	2.5111395700000005e-15	2.58466292e-16
5653.116	2.5501276500000003e-15	2.5353591800000003e-16
5653.67	2.417028172e-15	2.65874773e-16
5654.224	2.49930854e-15	2.99979482e-16
5654.778	2.3107928180000003e-15	2.37221362e-16
5655.332	2.223009141e-15	2.226122736e-16
5655.886	2.33896038e-15	2.5838884e-16
5656.44	2.2057263869999998e-15	2.335098657e-16
5656.994	2.3923436400000003e-15	2.31467201e-16
5657.548	2.3416503839999997e-15	2.5080364000000004e-16
5658.102	2.2680445899999996e-15	2.2500836050000004e-16
5658.656	2.4048125049999993e-15	2.5835090909999996e-16
5659.21	2.3503356000000002e-15	2.4145991589999997e-16
5659.764	2.1394799700000002e-15	2.191888423e-16
5660.318	2.2150393396e-15	2.2441656439999997e-16
5660.872	2.1424032870000003e-15	2.297262442e-16
5661.426	2.344894728e-15	2.328868441e-16
5661.98	2.3482519400000003e-15	2.535169925e-16
5662.534	2.286733863e-15	2.7971985269999997e-16
5663.088	2.24518622e-15	2.386830704e-16
5663.642	2.2880572780000006e-15	2.3188592890000003e-16
5664.196	2.2445617000000004e-15	2.374003729e-16
5664.75	2.157674748e-15	2.40400674e-16
5665.304	2.2669209899999996e-15	2.3828867799999997e-16
5665.858	2.337411166e-15	2.4187537499999994e-16
5666.412	2.32296384e-15	2.42735384e-16
5666.966	2.1567305110000005e-15	2.7221483e-16
5667.52	2.2873185599999997e-15	3.9632419300000004e-16
5668.074	2.1721454590000005e-15	2.4002673199999996e-16
5668.628	2.127461677e-15	2.5285078060000003e-16
5669.182	2.0368106190000004e-15	2.3211148639999995e-16
5669.736	2.111954284000001e-15	2.92073439e-16
5670.29	2.1508485499999997e-15	2.59648594e-16
5670.844	2.093543681e-15	2.405823617e-16
5671.398	2.04432127e-15	2.26218751e-16
5671.952	2.14448431e-15	2.2962698900000003e-16
5672.506	2.20443018e-15	2.283074709e-16
5673.06	2.0729451450000004e-15	2.2372850140000004e-16
5673.614	2.0030391700000004e-15	2.4368557199999997e-16
5674.168	2.0432242379999995e-15	2.353864305e-16
5674.722	2.074156528e-15	2.3970755400000003e-16
5675.276	2.1759393560000004e-15	2.5369411399999997e-16
5675.83	2.0419435379999997e-15	2.192623569e-16
5676.384	2.0710318270000004e-15	2.483955719e-16
5676.938	2.04966643e-15	2.419228503e-16
5677.492	2.0486230060000003e-15	2.150637581e-16
5678.046	2.0598139801999994e-15	2.2634545960000004e-16
5678.6	2.0019193507000006e-15	2.2815685680000005e-16
5679.154	2.0780251000000005e-15	2.42913513e-16
5679.708	2.0570272139999996e-15	2.316752455e-16
5680.262	1.9783913400000007e-15	3.5817739069999998e-16
5680.816	1.9139244599999997e-15	2.843920116e-16
5681.37	1.9682071800000006e-15	2.300693202e-16
5681.924	1.9595071219999993e-15	2.43169327e-16
5682.478	2.0067028600000007e-15	2.94455826e-16
5683.032	2.0071509439999998e-15	2.438698203e-16
5683.586	1.956139074e-15	2.158582964e-16
5684.14	2.0077206160000004e-15	2.3862596100000005e-16
5684.694	1.9616503399999998e-15	2.25264456e-16
5685.248	1.95836749e-15	2.20805376e-16
5685.802	1.9938373199999998e-15	2.29320928e-16
5686.356	1.89221238e-15	2.35775881e-16
5686.91	1.9278960839999996e-15	2.6602139899999996e-16
5687.464	1.936680146e-15	2.4545418739999996e-16
5688.018	1.9415968879999998e-15	2.288701525e-16
5688.572	2.03325771e-15	2.29103318e-16
5689.126	1.9469606300000003e-15	2.179028965e-16
5689.68	1.92655698e-15	2.135622823e-16
5690.234	1.9688721679999998e-15	2.248256156e-16
5690.788	1.9674650269999996e-15	2.325153731e-16
5691.342	1.96275468e-15	2.36913219e-16
5691.896	1.9378257999999997e-15	2.2190163860000001e-16
5692.45	1.8164643999999995e-15	4.078938632e-16
5693.004	1.9107654650000005e-15	3.6509882230000007e-16
5693.558	1.95927881e-15	2.3621522599999996e-16
5694.112	1.9322774953000006e-15	2.61979146e-16
5694.666	1.798385380000001e-15	2.5221531319999995e-16
5695.22	1.855047015e-15	2.3691901590000006e-16
5695.774	1.864452119e-15	2.3574652699999996e-16
5696.328	1.943032072e-15	2.4136017989999996e-16
5696.882	1.962164209999999e-15	2.45683983e-16
5697.436	1.91226046e-15	2.58778724e-16
5697.99	1.8506918759999997e-15	2.271749294e-16
5698.544	1.92916912e-15	2.223328153e-16
5699.098	1.91191892e-15	2.234727803e-16
5699.652	1.8986711799999995e-15	2.1559266950000005e-16
5700.206	1.8259511330000004e-15	2.189696539e-16
5700.76	1.8840882659999997e-15	2.2690714170000003e-16
5701.314	1.7890571370000003e-15	2.1816834800000001e-16
5701.868	1.741925711e-15	2.5172333999999997e-16
5702.422	1.86854337e-15	2.4193284500000005e-16
5702.976	1.9048665400000004e-15	2.2137918400000001e-16
5703.53	1.8420154500000003e-15	2.2714906479999997e-16
5704.084	1.77278008e-15	5.141314583e-16
5704.638	1.8269235159999998e-15	4.521924801999999e-16
5705.192	1.77010886e-15	2.2223690859999998e-16
5705.746	1.7167932999999998e-15	2.153319256e-16
5706.3	1.8457307009999995e-15	2.2820082530000005e-16
5706.854	1.92493983e-15	2.3325541289999996e-16
5707.408	1.8808990900000004e-15	2.3663939939999993e-16
5707.962	1.814228514e-15	2.2726979699999997e-16
5708.516	1.8129288900000003e-15	2.5547373630000003e-16
5709.07	1.8831239259999997e-15	2.6995105899999997e-16
5709.624	1.832647794e-15	2.321647915e-16
5710.178	1.737252023e-15	2.1386327380000004e-16
5710.732	1.7786234999999995e-15	2.26861114e-16
5711.286	1.875894600000001e-15	2.4092976099999997e-16
5711.84	1.9293773959999994e-15	2.34256776e-16
5712.394	1.9325203699999996e-15	2.3017370099999995e-16
5712.948	1.9538314440000006e-15	2.24246407e-16
5713.502	1.9252896400000002e-15	2.6449715400000006e-16
5714.056	1.826361926e-15	2.621050848e-16
5714.61	1.797313206e-15	2.0625968370000003e-16
5715.164	1.9501423399999994e-15	2.159908176e-16
5715.718	2.038223757e-15	2.226578386e-16
5716.272	2.0191632e-15	2.26186587e-16
5716.826	2.1236490739999996e-15	2.48462308e-16
5717.38	2.24453579e-15	2.4619939029999996e-16
5717.934	2.2257651499999996e-15	2.285253531e-16
5718.488	2.19107313e-15	2.2144361470000001e-16
5719.042	2.1830782800000003e-15	2.62388161e-16
5719.596	2.2460859260000004e-15	2.75092976e-16
5720.15	2.2565479749999995e-15	2.408394704e-16
5720.704	2.3727651109999997e-15	2.46689912e-16
5721.258	2.5153649200000002e-15	4.1805383700000005e-16
5721.812	2.5428302699999995e-15	4.293204158999999e-16
5722.366	2.5879114200000004e-15	2.386098172e-16
5722.92	2.656564821000001e-15	2.40491761e-16
5723.474	2.7807686729999996e-15	2.460815656e-16
5724.028	2.8001657280000004e-15	2.4145667710000003e-16
5724.582	2.8251433999999994e-15	2.321759915e-16
5725.136	2.83889273e-15	2.9256162539999993e-16
5725.69	2.9403197999999997e-15	3.184267002e-16
5726.244	3.0077492199999998e-15	2.4501808250000004e-16
5726.798	3.05584289e-15	2.4509169970000004e-16
5727.352	3.10804513e-15	2.418752081e-16
5727.906	3.2058106940000003e-15	2.4739668500000004e-16
5728.46	3.17422704e-15	2.4996205959999994e-16
5729.014	2.9427786849e-15	2.4693010740000003e-16
5729.568	2.7575253200000005e-15	2.3261716e-16
5730.122	2.4468304200000003e-15	2.337868441e-16
5730.676	2.20384643e-15	2.6484482099999997e-16
5731.23	2.0738327700000003e-15	2.48023906e-16
5731.784	2.0056734569999997e-15	2.204161588e-16
5732.338	1.9126766900000004e-15	2.202780772e-16
5732.892	1.8697694799999997e-15	2.1954253159999998e-16
5733.446	1.9074097600000004e-15	2.24729505e-16
5734.	1.7983013269999997e-15	2.2111797599999997e-16
5734.554	1.742199113e-15	2.24070772e-16
5735.108	1.7909714199999997e-15	2.3546158000000004e-16
5735.662	1.7279376910000002e-15	2.2770121800000007e-16
5736.216	1.73104114e-15	2.1736967249999998e-16
5736.77	1.7231954870000001e-15	2.146905858e-16
5737.324	1.63683676e-15	2.1094038630000004e-16
5737.878	1.64389145e-15	2.2181204149999998e-16
5738.432	1.71011444e-15	2.603556042e-16
5738.986	1.669727999e-15	2.986189589999999e-16
5739.54	1.7390511299999997e-15	2.7597058e-16
5740.094	1.659783823e-15	2.0830066139999998e-16
5740.648	1.5992353869999998e-15	2.0752976579999998e-16
5741.202	1.61996372e-15	2.0597858430000004e-16
5741.756	1.70274679e-15	2.1711917880000002e-16
5742.31	1.6831856300000004e-15	2.28888019e-16
5742.864	1.6562140910999999e-15	2.169710157e-16
5743.418	1.6115248900000003e-15	2.565333535e-16
5743.972	1.6077937199999998e-15	3.040820163e-16
5744.526	1.6302918825e-15	2.07614549e-16
5745.08	1.670166287e-15	2.2180313e-16
5745.634	1.5619341100000002e-15	2.0310161249999997e-16
5746.188	1.636201559e-15	2.210363383e-16
5746.742	1.701098393e-15	2.414556356e-16
5747.296	1.626850582e-15	2.3936542870000004e-16
5747.85	1.714319043e-15	2.643490527e-16
5748.404	1.5906461299999998e-15	2.232652336e-16
5748.958	1.4987475707e-15	2.4692788520000004e-16
5749.512	1.4661729659999999e-15	2.846990529e-16
5750.066	1.635162221e-15	2.1581717380000002e-16
5750.62	1.650833255e-15	2.33363736e-16
5751.174	1.6963328600000002e-15	2.944824981e-16
5751.728	1.726285853e-15	3.4098653800000004e-16
5752.282	1.6191793699999997e-15	2.6711582150000003e-16
5752.836	1.586454885e-15	2.9943873030000003e-16
5753.39	1.6327048500000002e-15	1.9943914090000002e-16
5753.944	1.675788333e-15	2.0941405730000006e-16
5754.498	1.6196883899999998e-15	2.0977715429999996e-16
5755.052	1.79718788e-15	2.27839483e-16
5755.606	1.6875976127e-15	2.3084314270000005e-16
5756.16	1.6354539400000003e-15	2.79185844e-16
5756.714	1.7401343600000001e-15	3.24834502e-16
5757.268	1.64257223e-15	2.309243718e-16
5757.822	1.6653234360000001e-15	2.325087171e-16
5758.376	1.76769922e-15	2.3369098e-16
5758.93	1.683743572e-15	2.2094833729999997e-16
5759.484	1.6451825884e-15	2.011686664e-16
5760.038	1.5244440600000002e-15	2.1678199149999999e-16
5760.592	1.7012097639999998e-15	2.3996336170000003e-16
5761.146	1.75859689e-15	2.138660053e-16
5761.7	1.8480231100000002e-15	2.28220979e-16
5762.254	1.758074219e-15	2.26124801e-16
5762.808	1.75899785e-15	2.298230836e-16
5763.362	1.79556923e-15	2.3384493189999996e-16
5763.916	1.7797505999999997e-15	2.516957815e-16
5764.47	1.675747798e-15	2.252441451e-16
5765.024	1.863704871e-15	2.2777662750000004e-16
5765.578	1.80967468e-15	2.072201158e-16
5766.132	1.8100468110000004e-15	2.191507039e-16
5766.686	1.7878478280000006e-15	2.3404644269999993e-16
5767.24	1.98692536e-15	2.37431791e-16
5767.794	1.95835356e-15	2.6642051759999996e-16
5768.348	2.025614933e-15	3.503025078e-16
5768.902	2.0226859979999994e-15	2.5787669080000003e-16
5769.456	2.139546912e-15	3.878528692e-16
5770.01	2.0686809499999998e-15	2.122668907e-16
5770.564	2.2271753899999997e-15	2.3147039009999997e-16
5771.118	2.45533482e-15	2.2646256219999996e-16
5771.672	2.45074665e-15	2.396726961e-16
5772.226	2.5606630379999997e-15	2.2674370669999997e-16
5772.78	2.68246072e-15	2.308099825e-16
5773.334	2.6403436229999997e-15	2.624041228e-16
5773.888	2.7592148400000004e-15	2.747308148e-16
5774.442	2.834769888e-15	2.49202626e-16
5774.996	3.2346629300000006e-15	2.704688269999999e-16
5775.55	3.3761672100000003e-15	2.8742878330000006e-16
5776.104	3.603955620999999e-15	2.81304841e-16
5776.658	3.83633899e-15	2.7906509890000004e-16
5777.212	3.9580101500000006e-15	2.6777917119999996e-16
5777.766	4.0910309199999996e-15	2.627769361e-16
5778.32	4.080622650000001e-15	2.650136051e-16
5778.874	4.62247306e-15	3.338775908e-16
5779.428	4.7902352499999996e-15	3.388359926e-16
5779.982	5.03662469e-15	2.8572848879999996e-16
5780.536	5.18277558e-15	3.0592763480000005e-16
5781.09	5.327566057999999e-15	2.759434442e-16
5781.644	5.671333679999998e-15	3.2071226440000006e-16
5782.198	5.931831868000001e-15	2.851836705e-16
5782.752	5.843933959999999e-15	2.9834419699999996e-16
5783.306	5.9021742e-15	3.7182994859999995e-16
5783.86	5.87152943e-15	3.0524265929999996e-16
5784.414	5.7545237599999996e-15	5.38579131e-16
5784.968	5.02974714e-15	4.1562270100000006e-16
5785.522	4.10607938e-15	2.83310963e-16
5786.076	3.58635823e-15	2.7119833899999993e-16
5786.63	3.12122411e-15	2.7437576009999996e-16
5787.184	2.7840192500000004e-15	2.411271553e-16
5787.738	2.5982555740000002e-15	2.3351471110000003e-16
5788.292	2.2455103e-15	2.516556534e-16
5788.846	2.0374944799999995e-15	2.4710887980000004e-16
5789.4	2.0866984099999997e-15	2.98752993e-16
5789.954	1.929640386e-15	2.390312879e-16
5790.508	1.740535819e-15	2.109694447e-16
5791.062	1.7326351499999998e-15	2.08277085e-16
5791.616	1.7577612479999997e-15	2.1698042690000001e-16
5792.17	1.6772180200000002e-15	2.1373281410000004e-16
5792.724	1.703347891e-15	2.081292581e-16
5793.278	1.6701305379999998e-15	2.113341747e-16
5793.832	1.672054936e-15	1.9681510220000002e-16
5794.386	1.6965799399999999e-15	2.22588795e-16
5794.94	1.6353863399999998e-15	3.833747689999999e-16
5795.494	1.7368049390000001e-15	2.829923919e-16
5796.048	1.552823524e-15	2.094395999e-16
5796.602	1.6712942500000004e-15	2.3923286949999996e-16
5797.156	1.7231988099999997e-15	3.3881122819999997e-16
5797.71	1.5633816999999999e-15	2.483851873e-16
5798.264	1.6068006889999998e-15	2.222597239e-16
5798.818	1.5736197680000001e-15	2.0996417549999999e-16
5799.372	1.533886655e-15	2.0536004390000002e-16
5799.926	1.5206125e-15	1.9857945229999999e-16
5800.48	1.6252583999999998e-15	2.1048478529999998e-16
5801.034	1.660798108e-15	2.0656391460000005e-16
5801.588	1.6626861200000001e-15	2.0346157670000003e-16
5802.142	1.5183803579999997e-15	1.899789571e-16
5802.696	1.576943741e-15	2.1629369429999997e-16
5803.25	1.6227189016e-15	2.1955892699999997e-16
5803.804	1.49319535e-15	2.3825039700000004e-16
5804.358	1.5429148e-15	2.1772208149999994e-16
5804.912	1.4045828760000004e-15	1.937913545e-16
5805.466	1.4357083560000002e-15	2.0728836150000002e-16
5806.02	1.65565567e-15	2.21865304e-16
5806.574	1.497143949e-15	2.190903965e-16
5807.128	1.6114577429999997e-15	2.1229359250000006e-16
5807.682	1.55483091e-15	2.0021309219999998e-16
5808.236	1.5682678464000003e-15	2.113685989e-16
5808.79	1.5826658050000001e-15	2.058291809e-16
5809.344	1.53156859e-15	2.002168932e-16
5809.898	1.51634258e-15	2.0204333879999997e-16
5810.452	1.618919893e-15	2.86826696e-16
5811.006	1.64023744e-15	2.7281067850000004e-16
5811.56	1.4725765500000002e-15	2.9233818300000007e-16
5812.114	1.5816405799999999e-15	2.94071376e-16
5812.668	1.4892935425999999e-15	2.896281982e-16
5813.222	1.511289685e-15	2.0351810800000003e-16
5813.776	1.5491942799999997e-15	2.032392323e-16
5814.33	1.3833088984000002e-15	1.9447807830000002e-16
5814.884	1.4219320569999999e-15	1.8690756819999995e-16
5815.438	1.42013343e-15	2.0458000119999999e-16
5815.992	1.459747356e-15	2.4902107499999996e-16
5816.546	1.4748754309999998e-15	2.1696310329999998e-16
5817.1	1.41991065e-15	1.974725477e-16
5817.654	1.4504180799999998e-15	2.081682922e-16
5818.208	1.5965050499999999e-15	2.7317802700000003e-16
5818.762	1.5713131950000001e-15	2.3764438659999993e-16
5819.316	1.5900040300000003e-15	2.9722341610000007e-16
5819.87	1.4769270899999997e-15	2.2376549499999996e-16
5820.424	1.4800712369999998e-15	2.1287997559999999e-16
5820.978	1.376124637e-15	2.263598188e-16
5821.532	1.479328142e-15	2.158571383e-16
5822.086	1.4968256279999999e-15	2.0959033079999998e-16
5822.64	1.4619115804e-15	1.9431281030000001e-16
5823.194	1.5222637129999999e-15	2.044890798e-16
5823.748	1.4424699900000001e-15	2.060064791e-16
5824.302	1.4716143899999999e-15	2.0603405139999998e-16
5824.856	1.5061745499999998e-15	2.3114392139999996e-16
5825.41	1.5993946659999998e-15	2.40131317e-16
5825.964	1.5277941600000002e-15	2.3850491699999997e-16
5826.518	1.5555534799999998e-15	2.3014711700000007e-16
5827.072	1.4386365010000002e-15	2.174869191e-16
5827.626	1.3926570300000004e-15	2.093314763e-16
5828.18	1.4136305052e-15	2.0479184420000002e-16
5828.734	1.4073905599999999e-15	2.1957601020000002e-16
5829.288	1.5041294660000003e-15	2.311591738e-16
5829.842	1.5021674900000002e-15	2.0352967269999997e-16
5830.396	1.5386756979999997e-15	2.082187055e-16
5830.95	1.58368014e-15	2.329110006e-16
5831.504	1.4016075819999998e-15	2.1380115109999998e-16
5832.058	1.5278927239999998e-15	3.247831613e-16
5832.612	1.48678961e-15	2.7261317780000003e-16
5833.166	1.4938352207000002e-15	2.182910896e-16
5833.72	1.51946568e-15	2.586929559e-16
5834.274	1.39529666e-15	2.1016251460000003e-16
5834.828	1.3787312439999999e-15	1.991101442e-16
5835.382	1.3917837848999999e-15	1.931447602e-16
5835.936	1.3178674799999997e-15	2.0675561969999995e-16
5836.49	1.34878221e-15	3.047415567e-16
5837.044	1.4673239399999998e-15	2.8350653490000003e-16
5837.598	1.5162105400000001e-15	2.0901007860000003e-16
5838.152	1.4499714200000001e-15	2.347801573e-16
5838.706	1.383754281e-15	2.0892208189999996e-16
5839.26	1.365983286e-15	1.902722801e-16
5839.814	1.4262360880000002e-15	2.258881754e-16
5840.368	1.3661511000000001e-15	2.2586345130000003e-16
5840.922	1.3819110900000002e-15	2.2823541099999995e-16
5841.476	1.4324700830000003e-15	2.036094919e-16
5842.03	1.42340779e-15	1.9400060020000002e-16
5842.584	1.4602149299999996e-15	2.023154062e-16
5843.138	1.4536925000000001e-15	2.6788283579999997e-16
5843.692	1.452049388e-15	2.366314393e-16
5844.246	1.39098628e-15	2.49261116e-16
5844.8	1.4576276499999996e-15	3.0045966800000007e-16
5845.354	1.4695510715e-15	2.3575121820000003e-16
5845.908	1.42884427e-15	2.091534127e-16
5846.462	1.4225525031e-15	2.083547442e-16
5847.016	1.4109613600000001e-15	2.0625376949999995e-16
5847.57	1.45339584e-15	2.100141006e-16
5848.124	1.4154267500000002e-15	2.0713398579999996e-16
5848.678	1.5419027700000002e-15	2.217778529e-16
5849.232	1.4553065186e-15	2.0979752069999997e-16
5849.786	1.35857901e-15	2.085214786e-16
5850.34	1.3756114759999997e-15	2.109554821e-16
5850.894	1.39225549e-15	2.04107968e-16
5851.448	1.4175890599999998e-15	2.0717790399999998e-16
5852.002	1.42327757e-15	2.1058674190000002e-16
5852.556	1.47796436e-15	2.032697748e-16
5853.11	1.4300398189999994e-15	2.1139549e-16
5853.664	1.4402019800000002e-15	2.3709230999999995e-16
5854.218	1.4608315899999998e-15	2.863700806e-16
5854.772	1.4062229919999997e-15	2.3330507839999996e-16
5855.326	1.3225331899999998e-15	2.4951758080000007e-16
5855.88	1.3196848940000002e-15	2.664158913e-16
5856.434	1.379477276e-15	2.1562751760000002e-16
5856.988	1.4497575709999999e-15	2.190679371e-16
5857.542	1.4916501200000003e-15	2.1962276999999998e-16
5858.096	1.4100361299999998e-15	2.1802135499999997e-16
5858.65	1.3103139149999999e-15	2.2321586039999997e-16
5859.204	1.38355492e-15	2.181313115e-16
5859.758	1.3855360497e-15	2.38258089e-16
5860.312	1.3388026199999997e-15	2.221728314e-16
5860.866	1.36227533e-15	2.0078447619999996e-16
5861.42	1.413257947e-15	2.1359171929999998e-16
5861.974	1.3683864299999996e-15	2.2315174030000003e-16
5862.528	1.3387276699999998e-15	2.0403045580000004e-16
5863.082	1.35596092e-15	2.264277773e-16
5863.636	1.416980112e-15	2.319641149e-16
5864.19	1.3125311040000003e-15	1.962987456e-16
5864.744	1.412327878e-15	2.0808252949999997e-16
5865.298	1.3926485900000003e-15	2.0489159909999998e-16
5865.852	1.414594451e-15	2.4385843350000004e-16
5866.406	1.4559457829999999e-15	2.313479431e-16
5866.96	1.42794737e-15	2.1011280439999995e-16
5867.514	1.375684377e-15	2.30622528e-16
5868.068	1.3544380089999996e-15	2.19043556e-16
5868.622	1.3798348352e-15	2.0360808820000003e-16
5869.176	1.4078100499999999e-15	1.9684473880000002e-16
5869.73	1.39845134e-15	1.9473553029999998e-16
5870.284	1.43220737e-15	2.211037659e-16
5870.838	1.41667124e-15	2.7050561899999996e-16
5871.392	1.4381083390000002e-15	2.927031152e-16
5871.946	1.4351023600000002e-15	2.56298938e-16
5872.5	1.4167468410000003e-15	2.1001035900000002e-16
5873.054	1.381080491e-15	2.258210717e-16
5873.608	1.385214202e-15	2.438542609e-16
5874.162	1.2820829950000004e-15	2.1603171199999996e-16
5874.716	1.38078003e-15	2.1102365519999996e-16
5875.27	1.50161895e-15	2.234948209e-16
5875.824	1.4803593156999998e-15	2.1643386999999997e-16
5876.378	1.382702294e-15	2.1520855259999997e-16
5876.932	1.3631323649999999e-15	2.03726322e-16
5877.486	1.46777657e-15	2.39418057e-16
5878.04	1.52362453e-15	2.4783036799999997e-16
5878.594	1.3796344399999995e-15	2.1526877199999998e-16
5879.148	1.36990229e-15	2.1177775999999997e-16
5879.702	1.3643676010000003e-15	2.104529226e-16
5880.256	1.286677674e-15	1.9109925100000002e-16
5880.81	1.2710699e-15	1.8808264339999998e-16
5881.364	1.3467395089999998e-15	2.0719428189999998e-16
5881.918	1.30051641e-15	2.374255340000001e-16
5882.472	1.2653692588000002e-15	2.3037022259999995e-16
5883.026	1.2827194500000002e-15	2.0169822350000005e-16
5883.58	1.3248931499999997e-15	1.9778202859999998e-16
5884.134	1.4608356476000002e-15	3.0667216600000004e-16
5884.688	1.50145078e-15	3.09993086e-16
5885.242	1.4708887300000002e-15	2.4252769700000003e-16
5885.796	1.448174118e-15	2.5408571200000003e-16
5886.35	1.3986545719999998e-15	2.412217023e-16
5886.904	1.3457521669999997e-15	2.0897276699999998e-16
5887.458	1.3165608832999999e-15	2.111546496e-16
5888.012	1.3170237200000002e-15	1.9820126959999996e-16
5888.566	1.39871131e-15	2.1164571089999995e-16
5889.12	1.3694930020000002e-15	2.0956161509999998e-16
5889.674	1.3550158000000002e-15	2.0158978640000003e-16
5890.228	1.3477215129999996e-15	2.0301111559999998e-16
5890.782	1.2161726470000002e-15	2.1230806840000001e-16
5891.336	1.2015865510000002e-15	2.33504742e-16
5891.89	1.2172283049999998e-15	2.0445421899999996e-16
5892.444	1.3938809999999999e-15	3.1767029899999997e-16
5892.998	1.527598707e-15	3.18457742e-16
5893.552	1.42227171e-15	2.103629581e-16
5894.106	1.3571986890000004e-15	2.148898537e-16
5894.66	1.35649591e-15	2.2538736350000005e-16
5895.214	1.34258001e-15	2.2797514539999995e-16
5895.768	1.3749383100000001e-15	2.4780643969999997e-16
5896.322	1.34897259e-15	2.2311151739999996e-16
5896.876	1.282280998e-15	2.010089184e-16
5897.43	1.2614470726e-15	1.991266975e-16
5897.984	1.3335673169999998e-15	1.9976610150000003e-16
5898.538	1.31509992e-15	1.9765578690000005e-16
5899.092	1.266052951e-15	1.978116705e-16
5899.646	1.313302284e-15	2.0333231299999998e-16
5900.2	1.291070791e-15	2.064554569e-16
5900.754	1.2831254399999998e-15	2.325183368e-16
5901.308	1.357474852e-15	2.3622169299999997e-16
5901.862	1.3751936490000002e-15	2.1659996349999999e-16
5902.416	1.38825422e-15	2.0690493570000003e-16
5902.97	1.330908348e-15	2.007073204e-16
5903.524	1.312211522e-15	2.0610873370000002e-16
5904.078	1.2829864950000004e-15	2.020655412e-16
5904.632	1.3970319149999998e-15	2.0807997090000002e-16
5905.186	1.3622382e-15	2.1311883330000005e-16
5905.74	1.3778058399999998e-15	2.4380577199999997e-16
5906.294	1.4204010359999997e-15	2.72995386e-16
5906.848	1.4015206599999998e-15	2.2944368600000003e-16
5907.402	1.356815508e-15	2.1499865680000002e-16
5907.956	1.3326759669999998e-15	2.2053874580000002e-16
5908.51	1.32418579e-15	2.1886622840000003e-16
5909.064	1.365819457e-15	1.968512896e-16
5909.618	1.3863908520000001e-15	1.997382481e-16
5910.172	1.4128814900000001e-15	2.0868836209999999e-16
5910.726	1.4034943420000001e-15	2.1521260299999996e-16
5911.28	1.3919797531999997e-15	2.2815020299999994e-16
5911.834	1.3468376400000002e-15	2.381243405e-16
5912.388	1.2887106599999999e-15	2.250084107e-16
5912.942	1.2894338099999998e-15	2.2896771269999997e-16
5913.496	1.3284103000000002e-15	2.1343231230000005e-16
5914.05	1.360394897e-15	2.227061136e-16
5914.604	1.3121301700000002e-15	2.047601498e-16
5915.158	1.261251973e-15	2.0846773750000003e-16
5915.712	1.2568833040000001e-15	1.942567899e-16
5916.266	1.304981375e-15	1.9675303920000002e-16
5916.82	1.3633330499999999e-15	2.1774454029999997e-16
5917.374	1.3735658800000001e-15	2.1658500779999998e-16
5917.928	1.3800354859999998e-15	2.1490208609999997e-16
5918.482	1.3583552300000003e-15	2.18491871e-16
5919.036	1.2912754550999997e-15	2.236614216e-16
5919.59	1.3755298929999999e-15	2.117866521e-16
5920.144	1.3570750599999999e-15	2.2123072219999996e-16
5920.698	1.2654747422e-15	1.983301979e-16
5921.252	1.3399034100000003e-15	2.0090115999999998e-16
5921.806	1.332774047e-15	2.0264609559999997e-16
5922.36	1.3370478340000002e-15	2.0490810269999996e-16
5922.914	1.2966662659999996e-15	2.046791618e-16
5923.468	1.320072251e-15	2.012615115e-16
5924.022	1.3297061410000003e-15	1.9974539750000006e-16
5924.576	1.375094906e-15	2.187016069e-16
5925.13	1.41218296e-15	2.450484159e-16
5925.684	1.3584720289999999e-15	2.258256457e-16
5926.238	1.30587173e-15	1.9854295389999996e-16
5926.792	1.3272373989999998e-15	2.3480892130000004e-16
5927.346	1.4199223200000004e-15	2.5678064570000005e-16
5927.9	1.3833829720000001e-15	2.176631796e-16
5928.454	1.4094467939999995e-15	2.424535835e-16
5929.008	1.46851996e-15	2.5379631610000005e-16
5929.562	1.361707349e-15	2.0986725870000002e-16
5930.116	1.340378317e-15	1.978642869e-16
5930.67	1.4051161292e-15	1.9807487230000001e-16
5931.224	1.4425394159999996e-15	1.9438678259999998e-16
5931.778	1.4204354338e-15	2.050527833e-16
5932.332	1.45224573e-15	2.1332732340000001e-16
5932.886	1.3786447699999998e-15	2.0621533009999998e-16
5933.44	1.3464638399999999e-15	2.1502666639999998e-16
5933.994	1.4043196780000005e-15	2.3819863999999995e-16
5934.548	1.3846376505999999e-15	2.48790331e-16
5935.102	1.318509685e-15	2.1212551039999999e-16
5935.656	1.3076678539999999e-15	2.022342783e-16
5936.21	1.2913485609999998e-15	1.93493522e-16
5936.764	1.2850725669999998e-15	1.890947674e-16
5937.318	1.39607224e-15	2.257381851e-16
5937.872	1.392241239e-15	2.5033408540000003e-16
5938.426	1.4093263790000001e-15	2.1871699139999998e-16
5938.98	1.414275933e-15	2.111596985e-16
5939.534	1.365551028e-15	2.251939754e-16
5940.088	1.40701259e-15	2.304301192e-16
5940.642	1.3426584299999997e-15	1.929107286e-16
5941.196	1.3256921549999999e-15	2.1028946829999997e-16
5941.75	1.3155459099999996e-15	2.033134268e-16
5942.304	1.3205691000000002e-15	2.065886921e-16
5942.858	1.4624621479999999e-15	2.340268558e-16
5943.412	1.39738454e-15	2.364283213e-16
5943.966	1.4468152574e-15	2.166374123e-16
5944.52	1.3557402464e-15	1.9576556920000004e-16
5945.074	1.282798892e-15	2.289182745e-16
5945.628	1.3706024699999998e-15	2.448783335999999e-16
5946.182	1.42459396e-15	2.2084417059999998e-16
5946.736	1.4815808260000005e-15	2.47539434e-16
5947.29	1.466094498e-15	2.439524771e-16
5947.844	1.4890264600000003e-15	2.65861467e-16
5948.398	1.468131141e-15	2.2503511970000004e-16
5948.952	1.4487099599999998e-15	2.283065067e-16
5949.506	1.4349689e-15	2.3244611469999996e-16
5950.06	1.4011999908e-15	2.0422305469999998e-16
5950.614	1.3834853900000002e-15	2.280268398e-16
5951.168	1.4333445760000002e-15	2.3403492530000003e-16
5951.722	1.412862847e-15	1.9874055460000002e-16
5952.276	1.4461893269999997e-15	1.9533508790000001e-16
5952.83	1.4810836059e-15	2.0633208709999998e-16
5953.384	1.4038564939999998e-15	2.059795908e-16
5953.938	1.3968535900000002e-15	1.963071361e-16
5954.492	1.3937246829e-15	2.0318012310000002e-16
5955.046	1.4018560944e-15	2.262235097e-16
5955.6	1.36964162e-15	2.9134900050000003e-16
5956.154	1.35506775447e-15	2.466829093e-16
5956.708	1.3562455479999999e-15	2.040189284e-16
5957.262	1.3918467800000001e-15	2.0642431549999998e-16
5957.816	1.4165035999999998e-15	2.049240617e-16
5958.37	1.4880715590000001e-15	2.259743533e-16
5958.924	1.4946885799999999e-15	3.0291069669999993e-16
5959.478	1.57993845e-15	3.7143114189999993e-16
5960.032	1.4237628470000002e-15	2.3079439299999996e-16
5960.586	1.3381707600000003e-15	2.6205074940000004e-16
5961.14	1.38257175e-15	2.3503039389999995e-16
5961.694	1.3917000399999997e-15	2.2211874369999995e-16
5962.248	1.4563075340000001e-15	2.3096168349999997e-16
5962.802	1.3556016499999999e-15	2.605192075e-16
5963.356	1.40864844e-15	2.415246021e-16
5963.91	1.4490457079999999e-15	2.269174071e-16
5964.464	1.4175950115599998e-15	2.210794346e-16
5965.018	1.3587830404e-15	1.9521674140000002e-16
5965.572	1.3376778740000001e-15	1.966333239e-16
5966.126	1.3718239450000002e-15	1.974879306e-16
5966.68	1.4542089239999999e-15	2.0823168279999996e-16
5967.234	1.4772217899999995e-15	2.1927906600000003e-16
5967.788	1.3991148820000001e-15	1.9776856590000006e-16
5968.342	1.3959826299999998e-15	1.96110271e-16
5968.896	1.325667596e-15	1.9371573460000002e-16
5969.45	1.2803269699999996e-15	2.1871135119999999e-16
5970.004	1.3650234e-15	2.56729075e-16
5970.558	1.3834610399999996e-15	2.1864530400000003e-16
5971.112	1.4261554699999997e-15	2.256635974e-16
5971.666	1.39789315e-15	1.959611363e-16
5972.22	1.3838535174000002e-15	1.9735839990000003e-16
5972.774	1.4144616200000002e-15	2.056263694e-16
5973.328	1.4024569599999999e-15	2.127395571e-16
5973.882	1.39305742e-15	2.1924003380000003e-16
5974.436	1.4224365400000003e-15	2.51908875e-16
5974.99	1.3978005880000002e-15	2.645460581e-16
5975.544	1.3887957530999997e-15	1.9619819810000003e-16
5976.098	1.3850129420000001e-15	2.292377528e-16
5976.652	1.4443179459999999e-15	3.0131321350000004e-16
5977.206	1.4669638079999997e-15	3.181941826e-16
5977.76	1.46319162e-15	2.1570016080000002e-16
5978.314	1.4137804129999998e-15	2.1217604490000002e-16
5978.868	1.285997217e-15	2.3465657549999994e-16
5979.422	1.23558137e-15	2.113468861e-16
5979.976	1.375402609e-15	2.4122638599999996e-16
5980.53	1.3926929600000002e-15	2.02548856e-16
5981.084	1.384933698e-15	2.3798265599999996e-16
5981.638	1.36106461e-15	2.3381696899999996e-16
5982.192	1.3861231390000002e-15	2.0588234620000002e-16
5982.746	1.327119817e-15	3.060326141e-16
5983.3	1.3723499670000001e-15	4.11089134e-16
5983.854	1.3712564326000001e-15	2.273463473e-16
5984.408	1.2669338124600002e-15	2.1140959459999996e-16
5984.962	1.3674698800000001e-15	2.1438067810000003e-16
5985.516	1.317289034e-15	2.1826144800000002e-16
5986.07	1.365077619e-15	2.124598235e-16
5986.624	1.295239898e-15	2.2196252670000006e-16
5987.178	1.3196229820000002e-15	2.104614968e-16
5987.732	1.3173243329999998e-15	2.172696673e-16
5988.286	1.314601126e-15	2.113936942e-16
5988.84	1.291129944e-15	2.15665961e-16
5989.394	1.360187321e-15	2.0202563309999999e-16
5989.948	1.2769840340000002e-15	2.0530161620000003e-16
5990.502	1.299648214e-15	2.1457253749999997e-16
5991.056	1.3561478119999996e-15	2.057966526e-16
5991.61	1.3491196800000002e-15	2.688881658e-16
5992.164	1.4256822059999998e-15	3.048350944e-16
5992.718	1.4426851400000003e-15	2.4952774599999997e-16
5993.272	1.39858076e-15	2.1083295070000004e-16
5993.826	1.328612835e-15	2.009982889e-16
5994.38	1.37499597e-15	2.305942067e-16
5994.934	1.4407063301000001e-15	2.3857380490000005e-16
5995.488	1.3914173046999997e-15	2.131253029e-16
5996.042	1.29832799e-15	2.04739129e-16
5996.596	1.369190378e-15	2.673779429e-16
5997.15	1.4191345599999998e-15	2.98212382e-16
5997.704	1.2867335800000002e-15	2.35701316e-16
5998.258	1.3056811919999998e-15	2.129061631e-16
5998.812	1.31829085e-15	2.003334149e-16
5999.366	1.3096518399999998e-15	2.0626590119999997e-16
5999.92	1.3799111639999998e-15	2.071410443e-16
6000.474	1.3627561e-15	2.533015605e-16
6001.028	1.3963798979999998e-15	3.2704984489999994e-16
6001.582	1.4263032100000001e-15	2.0917918939999997e-16
6002.136	1.3801520100000002e-15	2.2829752169999997e-16
6002.69	1.2874406300000002e-15	2.1805530700000003e-16
6003.244	1.2476747599999998e-15	2.6777276370000003e-16
6003.798	1.3866059160000001e-15	2.3876013480000003e-16
6004.352	1.2953434219999999e-15	1.9964410440000001e-16
6004.906	1.31283674e-15	1.955415397e-16
6005.46	1.3690752939999999e-15	2.065241829e-16
6006.014	1.3498142200000002e-15	2.412876081e-16
6006.568	1.3123202530000005e-15	2.7285299470000003e-16
6007.122	1.2688098049999998e-15	1.9514542300000002e-16
6007.676	1.2935697679999998e-15	2.0388246629999997e-16
6008.23	1.2729716219999998e-15	2.1241695560000003e-16
6008.784	1.27898535e-15	2.152935467e-16
6009.338	1.34447346e-15	2.0744838089999999e-16
6009.892	1.36338033e-15	2.413630039e-16
6010.446	1.34650246e-15	2.576552166e-16
6011.	1.275300602e-15	1.9702071969999998e-16
6011.554	1.3054999479999998e-15	1.9543460749999996e-16
6012.108	1.26152097e-15	1.9752283970000003e-16
6012.662	1.22596189e-15	1.976536184e-16
6013.216	1.2538924800000003e-15	2.1969652759999996e-16
6013.77	1.29355258e-15	2.4742985429999997e-16
6014.324	1.1134171400000002e-15	2.9389685229999992e-16
6014.878	1.271898197e-15	3.2954380259999994e-16
6015.432	1.2890774000000001e-15	2.353017623e-16
6015.986	1.24372561e-15	2.525747737000001e-16
6016.54	1.2569640839999998e-15	1.9785783749999997e-16
6017.094	1.543374942e-15	2.644275081e-16
6017.648	1.95747825e-15	3.51888085e-16
6018.202	0.	0.
6018.756	0.	0.
6019.31	0.	0.
6019.864	0.	0.
6020.418	0.	0.
6020.972	0.	0.
6021.526	0.	0.
6022.08	0.	0.
6022.634	0.	0.
6023.188	0.	0.
6023.742	0.	0.
6024.296	0.	0.
6024.85	0.	0.
6025.404	0.	0.
6025.958	0.	0.
6026.512	0.	0.
6027.066	0.	0.
6027.62	0.	0.
6028.174	0.	0.
6028.728	0.	0.
6029.282	0.	0.
6029.836	0.	0.
6030.39	0.	0.
6030.944	0.	0.
6031.498	0.	0.
6032.052	0.	0.
6032.606	0.	0.
6033.16	0.	0.
6033.714	0.	0.
6034.268	0.	0.
6034.822	0.	0.
6035.376	0.	0.
6035.93	0.	0.
6036.484	0.	0.
6037.038	0.	0.
6037.592	0.	0.
6038.146	0.	0.
6038.7	0.	0.
6039.254	0.	0.
6039.808	0.	0.
6040.362	0.	0.
6040.916	0.	0.
6041.47	0.	0.
6042.024	0.	0.
6042.578	0.	0.
6043.132	0.	0.
6043.686	0.	0.
6044.24	0.	0.
6044.794	0.	0.
6045.348	0.	0.
6045.902	0.	0.
6046.456	0.	0.
6047.01	0.	0.
6047.564	0.	0.
6048.118	0.	0.
6048.672	0.	0.
6049.226	0.	0.
6049.78	0.	0.
6050.334	0.	0.
6050.888	0.	0.
6051.442	0.	0.
6051.996	0.	0.
6052.55	0.	0.
6053.104	0.	0.
6053.658	0.	0.
6054.212	0.	0.
6054.766	0.	0.
6055.32	0.	0.
6055.874	0.	0.
6056.428	0.	0.
6056.982	0.	0.
6057.536	0.	0.
6058.09	0.	0.
6058.644	0.	0.
6059.198	0.	0.
6059.752	0.	0.
6060.306	0.	0.
6060.86	0.	0.
6061.414	0.	0.
6061.968	0.	0.
6062.522	0.	0.
6063.076	0.	0.
6063.63	0.	0.
6064.184	0.	0.
6064.738	0.	0.
6065.292	0.	0.
6065.846	0.	0.